%YAML:1.0
---
intrinsic: !!opencv-matrix
   rows: 3
   cols: 3
   dt: d
   data: [ 7.2848292540145769e+02, 0., 2.6052728927779572e+02, 0.,
       7.2160506925682000e+02, 2.0166307038154713e+02, 0., 0., 1. ]
distortion: !!opencv-matrix
   rows: 1
   cols: 5
   dt: d
   data: [ -1.2753097705168895e-01, 5.9752199698470887e-01,
       -4.8746607509847825e-03, -3.1231741188187109e-02,
       -9.2187973727616535e-01 ]
