%YAML:1.0
---
intrinsic: !!opencv-matrix
   rows: 3
   cols: 3
   dt: d
   data: [ 9.1609153501692481e+02, 0., 4.6453194172185368e+02, 0.,
       8.9642432491413717e+02, 3.7507133941776885e+02, 0., 0., 1. ]
distortion: !!opencv-matrix
   rows: 1
   cols: 5
   dt: d
   data: [ 5.2686088598168306e-02, -6.9896518508225169e-01,
       2.4284930164167884e-02, -8.9513766038027479e-03,
       -4.2484143895544835e-01 ]
